s,65941,0000
i,69692,0001
n,71893,0010
v,8586,0011000
Q,247,001100100000
2,249,001100100001
3,125,0011001000100
4,126,0011001000101
*,264,001100100011
q,1094,0011001001
?,2228,001100101
G,4370,00110011
N,8830,0011010
W,4372,00110110
',4486,00110111
p,18575,001110
H,9642,0011110
j,1140,0011111000
J,1229,0011111001
+,2,001111101000000000
#,2,001111101000000001
<,3,001111101000000010
&,3,001111101000000011
_,1,0011111010000001000
$,1,00111110100000010010
~,1,00111110100000010011
>,3,001111101000000101
%,3,001111101000000110
@,4,001111101000000111
],17,0011111010000010
[,17,0011111010000011
7,74,00111110100001
9,143,0011111010001
Z,306,001111101001
X,153,0011111010100
;,37,001111101010100
",42,001111101010101
/,81,00111110101011
0,342,001111101011
V,1243,0011111011
-,5038,00111111
a,82064,0100
o,82356,0101
O,9928,0110000
k,10446,0110001
.,21416,011001
d,43290,01101
y,21794,011100
w,21901,011101
B,5257,01111000
:,2587,011110010
Y,2690,011110011
S,11408,0111101
C,5430,01111100
D,6085,01111101
A,11673,0111111
t,89192,1000
f,23338,100100
g,23593,100101
l,47616,10011
T,11854,1010000
I,12312,1010001
c,24765,101001
m,25084,101010
x,1317,1010110000
8,169,1010110001000
6,96,10101100010010
5,108,10101100010011
1,390,101011000101
z,773,10101100011
!,1588,1010110010
K,1701,1010110011
M,6643,10101101
E,14193,1010111
u,30220,101100
U,3376,101101000
F,3472,101101001
(,1793,1011010100
),1808,1011010101
P,4079,101101011
b,16102,1011011
r,62090,10111
 ,245448,110
e,128378,1110
h,63135,11110
L,7710,11111000
R,8396,11111001
,,16492,1111101

,32758,111111
CPU time: 0.09 Encoded size: 2
Mismatch at location 0 original: 0x54 decoded: 0
