s,65941,0,4
i,69692,2048,4
n,71893,1024,4
v,8586,3072,7
Q,247,19456,12
2,249,543744,12
3,125,281600,13
4,126,1330176,13
*,264,805888,12
q,1094,150528,10
?,2228,84992,9
G,4370,52224,8
N,8830,11264,7
W,4372,27648,8
',4486,60416,8
p,18575,7168,6
H,9642,15360,7
j,1140,31744,10
J,1229,162816,10
+,2,97280,18
#,2,33651712,18
<,3,16874496,18
&,3,50428928,18
_,1,8485888,19
$,1,75594752,20
~,1,209812480,20
>,3,42040320,18
%,3,25263104,18
@,4,58817536,18
],17,4291584,16
[,17,12680192,16
7,74,2194432,14
9,143,1145856,13
Z,306,621568,12
X,153,359424,13
;,37,1408000,15
",42,5602304,15
/,81,3505152,14
0,342,883712,12
V,1243,228352,10
-,5038,64512,8
a,82064,512,4
o,82356,2560,4
O,9928,1536,7
k,10446,17920,7
.,21416,9728,6
d,43290,5632,5
y,21794,3584,6
w,21901,11776,6
B,5257,7680,8
:,2587,40448,9
Y,2690,105984,9
S,11408,24064,7
C,5430,15872,8
D,6085,48640,8
A,11673,32256,7
t,89192,256,4
f,23338,2304,6
g,23593,10496,6
l,47616,6400,5
T,11854,1280,7
I,12312,17664,7
c,24765,9472,6
m,25084,5376,6
x,1317,13568,10
8,169,144640,13
6,96,1193216,14
5,108,3290368,14
1,390,668928,12
z,773,406784,11
!,1588,79104,10
K,1701,210176,10
M,6643,46336,8
E,14193,29952,7
u,30220,3328,6
U,3376,11520,9
F,3472,77056,9
(,1793,44288,10
),1808,175360,10
P,4079,109824,9
b,16102,27904,7
r,62090,7424,5
 ,245448,768,3
e,128378,1792,4
h,63135,3840,5
L,7710,7936,8
R,8396,40704,8
,,16492,24320,7

,32758,16128,6
CPU time: 0.09 Encoded size: 2
Mismatch at location 0 original: 0x54 decoded: 0
